1.000000000000000000e+01 4.637511343677506875e+14
1.099099099099099064e+01 5.321113503316537500e+14
1.198198198198198128e+01 6.076704699433051250e+14
1.297297297297297192e+01 6.905404391629932500e+14
1.396396396396396433e+01 7.808591424531367500e+14
1.495495495495495497e+01 8.787790614416937500e+14
1.594594594594594561e+01 9.844607339326506250e+14
1.693693693693693803e+01 1.098068847939792625e+15
1.792792792792792866e+01 1.219769847099338000e+15
1.891891891891891930e+01 1.349730435245245250e+15
1.990990990990990994e+01 1.488116632498243000e+15
2.090090090090090058e+01 1.635093178340412000e+15
2.189189189189189122e+01 1.790823157619630500e+15
2.288288288288288186e+01 1.955467772224682750e+15
2.387387387387387605e+01 2.129186209200884000e+15
2.486486486486486314e+01 2.312135573307492500e+15
2.585585585585585733e+01 2.504470862858803000e+15
2.684684684684684797e+01 2.706344974652160000e+15
2.783783783783783861e+01 2.917908728338671000e+15
2.882882882882882924e+01 3.139310903618212000e+15
2.981981981981981988e+01 3.370698285680732500e+15
3.081081081081081052e+01 3.612215715709281500e+15
3.180180180180180116e+01 3.864006144222572500e+15
3.279279279279279535e+01 4.126210685706022000e+15
3.378378378378378244e+01 4.398968673452130000e+15
3.477477477477476953e+01 4.682417713865244000e+15
3.576576576576576372e+01 4.976693739723611000e+15
3.675675675675675791e+01 5.281931062061592000e+15
3.774774774774775210e+01 5.598262420456796000e+15
3.873873873873873919e+01 5.925819031594026000e+15
3.972972972972972627e+01 6.264730636040351000e+15
4.072072072072072046e+01 6.615125543210069000e+15
4.171171171171171466e+01 6.977130674529571000e+15
4.270270270270270174e+01 7.350871604833992000e+15
4.369369369369369593e+01 7.736472602042283000e+15
4.468468468468468302e+01 8.134056665167188000e+15
4.567567567567567721e+01 8.543745560722613000e+15
4.666666666666666430e+01 8.965659857594177000e+15
4.765765765765765849e+01 9.399918960440286000e+15
4.864864864864864558e+01 9.846641141690938000e+15
4.963963963963963977e+01 1.030594357221054400e+16
5.063063063063062685e+01 1.077794235068931200e+16
5.162162162162162105e+01 1.126275253182584600e+16
5.261261261261261524e+01 1.176048815336076000e+16
5.360360360360360232e+01 1.227126226201897200e+16
5.459459459459459651e+01 1.279518693841540800e+16
5.558558558558558360e+01 1.333237332097599800e+16
5.657657657657657779e+01 1.388293162892374200e+16
5.756756756756756488e+01 1.444697118437617400e+16
5.855855855855855907e+01 1.502460043359892800e+16
5.954954954954954616e+01 1.561592696745685600e+16
6.054054054054054035e+01 1.622105754110250400e+16
6.153153153153152743e+01 1.684009809293910600e+16
6.252252252252252163e+01 1.747315376289323200e+16
6.351351351351351582e+01 1.812032891003047200e+16
6.450450450450449580e+01 1.878172712954543200e+16
6.549549549549550420e+01 1.945745126915563200e+16
6.648648648648648418e+01 2.014760344492698800e+16
6.747747747747747837e+01 2.085228505655793600e+16
6.846846846846847257e+01 2.157159680214604800e+16
6.945945945945945255e+01 2.230563869246170800e+16
7.045045045045044674e+01 2.305451006475020800e+16
7.144144144144144093e+01 2.381830959608384000e+16
7.243243243243242091e+01 2.459713531628358000e+16
7.342342342342342931e+01 2.539108462042910400e+16
7.441441441441440929e+01 2.620025428097505600e+16
7.540540540540540349e+01 2.702474045949048000e+16
7.639639639639639768e+01 2.786463871803700400e+16
7.738738738738739187e+01 2.872004403020120800e+16
7.837837837837837185e+01 2.959105079179554000e+16
7.936936936936936604e+01 3.047775283124109200e+16
8.036036036036036023e+01 3.138024341964530800e+16
8.135135135135135442e+01 3.229861528058688400e+16
8.234234234234233440e+01 3.323296059961957200e+16
8.333333333333332860e+01 3.418337103350562800e+16
8.432432432432432279e+01 3.514993771918999600e+16
8.531531531531531698e+01 3.613275128252432000e+16
8.630630630630631117e+01 3.713190184675140800e+16
8.729729729729729115e+01 3.814747904075858400e+16
8.828828828828828534e+01 3.917957200710816800e+16
8.927927927927927954e+01 4.022826940985461600e+16
9.027027027027027373e+01 4.129365944215447200e+16
9.126126126126125371e+01 4.237582983367825600e+16
9.225225225225224790e+01 4.347486785783029600e+16
9.324324324324324209e+01 4.459086033878360000e+16
9.423423423423423628e+01 4.572389365833700000e+16
9.522522522522523047e+01 4.687405376259928000e+16
9.621621621621621046e+01 4.804142616850800800e+16
9.720720720720720465e+01 4.922609597018745600e+16
9.819819819819819884e+01 5.042814784515156800e+16
9.918918918918919303e+01 5.164766606035732000e+16
1.001801801801801730e+02 5.288473447811285600e+16
1.011711711711711672e+02 5.413943656184630400e+16
1.021621621621621614e+02 5.541185538173835200e+16
1.031531531531531556e+02 5.670207362022440000e+16
1.041441441441441356e+02 5.801017357736946400e+16
1.051351351351351298e+02 5.933623717612053600e+16
1.061261261261261239e+02 6.068034596743998400e+16
1.071171171171171181e+02 6.204258113532385600e+16
1.081081081081081123e+02 6.342302350170785600e+16
1.090990990990990923e+02 6.482175353126648800e+16
1.100900900900900865e+02 6.623885133610598400e+16
1.110810810810810807e+02 6.767439668035626400e+16
1.120720720720720749e+02 6.912846898466406400e+16
1.130630630630630549e+02 7.060114733059012800e+16
1.140540540540540491e+02 7.209251046491398400e+16
1.150450450450450433e+02 7.360263680384787200e+16
1.160360360360360374e+02 7.513160443716387200e+16
1.170270270270270316e+02 7.667949113223499200e+16
1.180180180180180116e+02 7.824637433799496000e+16
1.190090090090090058e+02 7.983233118881625600e+16
1.200000000000000000e+02 8.143743850831132800e+16
1.209909909909909942e+02 8.306177281305720000e+16
1.219819819819819742e+02 8.470541031624713600e+16
1.229729729729729684e+02 8.636842693126904000e+16
1.239639639639639626e+02 8.805089827521638400e+16
1.249549549549549567e+02 8.975289967232892800e+16
1.259459459459459367e+02 9.147450615736868800e+16
1.269369369369369309e+02 9.321579247893184000e+16
1.279279279279279251e+02 9.497683310269688000e+16
1.289189189189189051e+02 9.675770221461246400e+16
1.299099099099099135e+02 9.855847372402633600e+16
1.309009009009008935e+02 1.003792212667555200e+17
1.318918918918918735e+02 1.022200182081004480e+17
1.328828828828828819e+02 1.040809376458049760e+17
1.338738738738738903e+02 1.059620524129612320e+17
1.348648648648648418e+02 1.078634350808636480e+17
1.358558558558558502e+02 1.097851579618121600e+17
1.368468468468468586e+02 1.117272931118644480e+17
1.378378378378378386e+02 1.136899123335409440e+17
1.388288288288288186e+02 1.156730871784824320e+17
1.398198198198198270e+02 1.176768889500613920e+17
1.408108108108108070e+02 1.197013887059481280e+17
1.418018018018017870e+02 1.217466572606336000e+17
1.427927927927927954e+02 1.238127651879088160e+17
1.437837837837837753e+02 1.258997828233027200e+17
1.447747747747747837e+02 1.280077802664795680e+17
1.457657657657657637e+02 1.301368273835950560e+17
1.467567567567567437e+02 1.322869938096153920e+17
1.477477477477477521e+02 1.344583489505969120e+17
1.487387387387387321e+02 1.366509619859277280e+17
1.497297297297297405e+02 1.388649018705367040e+17
1.507207207207207205e+02 1.411002373370614240e+17
1.517117117117117004e+02 1.433570368979861120e+17
1.527027027027027088e+02 1.456353688477433600e+17
1.536936936936936888e+02 1.479353012647821760e+17
1.546846846846846688e+02 1.502569020136053760e+17
1.556756756756756772e+02 1.526002387467737280e+17
1.566666666666666572e+02 1.549653789068793920e+17
1.576576576576576656e+02 1.573523897284891200e+17
1.586486486486486456e+02 1.597613382400568960e+17
1.596396396396396256e+02 1.621922912658090240e+17
1.606306306306306340e+02 1.646453154275992000e+17
1.616216216216216139e+02 1.671204771467357120e+17
1.626126126126126223e+02 1.696178426457826880e+17
1.636036036036036023e+02 1.721374779503334080e+17
1.645945945945945823e+02 1.746794488907565440e+17
1.655855855855855907e+02 1.772438211039197760e+17
1.665765765765765707e+02 1.798306600348846080e+17
1.675675675675675507e+02 1.824400309385788480e+17
1.685585585585585591e+02 1.850719988814446400e+17
1.695495495495495391e+02 1.877266287430615360e+17
1.705405405405405475e+02 1.904039852177486720e+17
1.715315315315315274e+02 1.931041328161418560e+17
1.725225225225225074e+02 1.958271358667505600e+17
1.735135135135135158e+02 1.985730585174896640e+17
1.745045045045044958e+02 2.013419647371951360e+17
1.754954954954955042e+02 2.041339183171137280e+17
1.764864864864864842e+02 2.069489828723740480e+17
1.774774774774774642e+02 2.097872218434378560e+17
1.784684684684684726e+02 2.126486984975313600e+17
1.794594594594594525e+02 2.155334759300561920e+17
1.804504504504504609e+02 2.184416170659816960e+17
1.814414414414414409e+02 2.213731846612199360e+17
1.824324324324324209e+02 2.243282413039805440e+17
1.834234234234234293e+02 2.273068494161066240e+17
1.844144144144144093e+02 2.303090712543980480e+17
1.854054054054053893e+02 2.333349689119099840e+17
1.863963963963963977e+02 2.363846043192411200e+17
1.873873873873873777e+02 2.394580392458003840e+17
1.883783783783783861e+02 2.425553353010610240e+17
1.893693693693693660e+02 2.456765539357943680e+17
1.903603603603603460e+02 2.488217564432924160e+17
1.913513513513513544e+02 2.519910039605712000e+17
1.923423423423423344e+02 2.551843574695601600e+17
1.933333333333333428e+02 2.584018777982766400e+17
1.943243243243243228e+02 2.616436256219868480e+17
1.953153153153153028e+02 2.649096614643481280e+17
1.963063063063063112e+02 2.682000456985436160e+17
1.972972972972972912e+02 2.715148385483955520e+17
1.982882882882882711e+02 2.748541000894705600e+17
1.992792792792792795e+02 2.782178902501701120e+17
2.002702702702702595e+02 2.816062688128027840e+17
2.012612612612612679e+02 2.850192954146542720e+17
2.022522522522522479e+02 2.884570295490307200e+17
2.032432432432432279e+02 2.919195305663014400e+17
2.042342342342342363e+02 2.954068576749228800e+17
2.052252252252252163e+02 2.989190699424512000e+17
2.062162162162162247e+02 3.024562262965449600e+17
2.072072072072072046e+02 3.060183855259538560e+17
2.081981981981981846e+02 3.096056062814948480e+17
2.091891891891891930e+02 3.132179470770227200e+17
2.101801801801801730e+02 3.168554662903806080e+17
2.111711711711711814e+02 3.205182221643480960e+17
2.121621621621621614e+02 3.242062728075708160e+17
2.131531531531531414e+02 3.279196761954861440e+17
2.141441441441441498e+02 3.316584901712352000e+17
2.151351351351351298e+02 3.354227724465594880e+17
2.161261261261261097e+02 3.392125806027006720e+17
2.171171171171171181e+02 3.430279720912743040e+17
2.181081081081080981e+02 3.468690042351454080e+17
2.190990990990991065e+02 3.507357342292913920e+17
2.200900900900900865e+02 3.546282191416510080e+17
2.210810810810810665e+02 3.585465159139672320e+17
2.220720720720720749e+02 3.624906813626255360e+17
2.230630630630630549e+02 3.664607721794714880e+17
2.240540540540540633e+02 3.704568449326342400e+17
2.250450450450450433e+02 3.744789560673235840e+17
2.260360360360360232e+02 3.785271619066362240e+17
2.270270270270270316e+02 3.826015186523403520e+17
2.280180180180180116e+02 3.867020823856590080e+17
2.290090090090089916e+02 3.908289090680398080e+17
2.300000000000000000e+02 3.949820545419207040e+17
2.309909909909909800e+02 3.991615745314862080e+17
2.319819819819819884e+02 4.033675246434173440e+17
2.329729729729729684e+02 4.075999603676257280e+17
2.339639639639639483e+02 4.118589370779958400e+17
2.349549549549549567e+02 4.161445100330991360e+17
2.359459459459459367e+02 4.204567343769213440e+17
2.369369369369369451e+02 4.247956651395648640e+17
2.379279279279279251e+02 4.291613572379565440e+17
2.389189189189189051e+02 4.335538654765388160e+17
2.399099099099099135e+02 4.379732445479651840e+17
2.409009009009008935e+02 4.424195490337728640e+17
2.418918918918918735e+02 4.468928334050615680e+17
2.428828828828828819e+02 4.513931520231627520e+17
2.438738738738738618e+02 4.559205591402995200e+17
2.448648648648648702e+02 4.604751089002401280e+17
2.458558558558558502e+02 4.650568553389444480e+17
2.468468468468468302e+02 4.696658523852086400e+17
2.478378378378378386e+02 4.743021538613011840e+17
2.488288288288288186e+02 4.789658134835852800e+17
2.498198198198198270e+02 4.836568848631484160e+17
2.508108108108108070e+02 4.883754215064162560e+17
2.518018018018017870e+02 4.931214768157644800e+17
2.527927927927927954e+02 4.978951040901201280e+17
2.537837837837837753e+02 5.026963565255633280e+17
2.547747747747747837e+02 5.075252872159240960e+17
2.557657657657657637e+02 5.123819491533596800e+17
2.567567567567567721e+02 5.172663952289461760e+17
2.577477477477477805e+02 5.221786782332504320e+17
2.587387387387387321e+02 5.271188508569015040e+17
2.597297297297296836e+02 5.320869656911562880e+17
2.607207207207206920e+02 5.370830752284599680e+17
2.617117117117117004e+02 5.421072318630016000e+17
2.627027027027027088e+02 5.471594878912587520e+17
2.636936936936937173e+02 5.522398955125536000e+17
2.646846846846846688e+02 5.573485068295772160e+17
2.656756756756756772e+02 5.624853738489387520e+17
2.666666666666666856e+02 5.676505484816848640e+17
2.676576576576576372e+02 5.728440825438294400e+17
2.686486486486486456e+02 5.780660277568757760e+17
2.696396396396396540e+02 5.833164357483234560e+17
2.706306306306306055e+02 5.885953580521873920e+17
2.716216216216216139e+02 5.939028461095006720e+17
2.726126126126126223e+02 5.992389512688154880e+17
2.736036036036035739e+02 6.046037247867022080e+17
2.745945945945945823e+02 6.099972178282408960e+17
2.755855855855855907e+02 6.154194814675084800e+17
2.765765765765765991e+02 6.208705666880642560e+17
2.775675675675675507e+02 6.263505243834266880e+17
2.785585585585585591e+02 6.318594053575535360e+17
2.795495495495495675e+02 6.373972603253104640e+17
2.805405405405405190e+02 6.429641399129372160e+17
2.815315315315315274e+02 6.485600946585144320e+17
2.825225225225225358e+02 6.541851750124122880e+17
2.835135135135134874e+02 6.598394313377621760e+17
2.845045045045044958e+02 6.655229139108929280e+17
2.854954954954955042e+02 6.712356729217873920e+17
2.864864864864864558e+02 6.769777584745198080e+17
2.874774774774774642e+02 6.827492205877015040e+17
2.884684684684684726e+02 6.885501091949068800e+17
2.894594594594594810e+02 6.943804741451230720e+17
2.904504504504504325e+02 7.002403652031554560e+17
2.914414414414414409e+02 7.061298320500707840e+17
2.924324324324324493e+02 7.120489242836162560e+17
2.934234234234234009e+02 7.179976914186250240e+17
2.944144144144144093e+02 7.239761828874452480e+17
2.954054054054054177e+02 7.299844480403425280e+17
2.963963963963963693e+02 7.360225361459146240e+17
2.973873873873873777e+02 7.420904963914837760e+17
2.983783783783783861e+02 7.481883778835078400e+17
2.993693693693693376e+02 7.543162296479784960e+17
3.003603603603603460e+02 7.604741006308083200e+17
3.013513513513513544e+02 7.666620396982234880e+17
3.023423423423423628e+02 7.728800956371578880e+17
3.033333333333333144e+02 7.791283171556314880e+17
3.043243243243243228e+02 7.854067528831352320e+17
3.053153153153153312e+02 7.917154513710099200e+17
3.063063063063062827e+02 7.980544610928176640e+17
3.072972972972972912e+02 8.044238304447189760e+17
3.082882882882882996e+02 8.108236077458414080e+17
3.092792792792792511e+02 8.172538412386478080e+17
3.102702702702702595e+02 8.237145790892920320e+17
3.112612612612612679e+02 8.302058693879934720e+17
3.122522522522522195e+02 8.367277601493813760e+17
3.132432432432432279e+02 8.432802993128625920e+17
3.142342342342342363e+02 8.498635347429619200e+17
3.152252252252252447e+02 8.564775142296783360e+17
3.162162162162161962e+02 8.631222854888405760e+17
3.172072072072072046e+02 8.697978961624286720e+17
3.181981981981982130e+02 8.765043938189405440e+17
3.191891891891891646e+02 8.832418259537172480e+17
3.201801801801801730e+02 8.900102399892794880e+17
3.211711711711711814e+02 8.968096832756682240e+17
3.221621621621621330e+02 9.036402030907704320e+17
3.231531531531531414e+02 9.105018466406492160e+17
3.241441441441441498e+02 9.173946610598702080e+17
3.251351351351351013e+02 9.243186934118261760e+17
3.261261261261261097e+02 9.312739906890650880e+17
3.271171171171171181e+02 9.382605998135891200e+17
3.281081081081081265e+02 9.452785676371983360e+17
3.290990990990990781e+02 9.523279409417843200e+17
3.300900900900900865e+02 9.594087664396462080e+17
3.310810810810810949e+02 9.665210907738076160e+17
3.320720720720720465e+02 9.736649605183223040e+17
3.330630630630630549e+02 9.808404221785674240e+17
3.340540540540540633e+02 9.880475221915682560e+17
3.350450450450450148e+02 9.952863069262739200e+17
3.360360360360360232e+02 1.002556822683876096e+18
3.370270270270270316e+02 1.009859115698090752e+18
3.380180180180180400e+02 1.017193232135465216e+18
3.390090090090089916e+02 1.024559218095657472e+18
3.400000000000000000e+02 1.031957119611739776e+18
3.409909909909910084e+02 1.039386982650469632e+18
3.419819819819819600e+02 1.046848853112592128e+18
3.429729729729729684e+02 1.054342776833115264e+18
3.439639639639639768e+02 1.061868799581586432e+18
3.449549549549549283e+02 1.069426967062385792e+18
3.459459459459459367e+02 1.077017324914991104e+18
3.469369369369369451e+02 1.084639918714261760e+18
3.479279279279278967e+02 1.092294793970706944e+18
3.489189189189189051e+02 1.099981996130761216e+18
3.499099099099099135e+02 1.107701570577056256e+18
3.509009009009009219e+02 1.115453562628677504e+18
3.518918918918918735e+02 1.123238017541446784e+18
3.528828828828828819e+02 1.131054980508171776e+18
3.538738738738738903e+02 1.138904496658920448e+18
3.548648648648648418e+02 1.146786611061273216e+18
3.558558558558558502e+02 1.154701368720587776e+18
3.568468468468468586e+02 1.162648814580246528e+18
3.578378378378378102e+02 1.170628993521924096e+18
3.588288288288288186e+02 1.178641950365833216e+18
3.598198198198198270e+02 1.186687729870981376e+18
3.608108108108107785e+02 1.194766376735417856e+18
3.618018018018017870e+02 1.202877935596477184e+18
3.627927927927927954e+02 1.211022451031037696e+18
3.637837837837838038e+02 1.219199967555756032e+18
3.647747747747747553e+02 1.227410529627310848e+18
3.657657657657657637e+02 1.235654181642662144e+18
3.667567567567567721e+02 1.243930967939260160e+18
3.677477477477477237e+02 1.252240932795316736e+18
3.687387387387387321e+02 1.260584120430012160e+18
3.697297297297297405e+02 1.268960575003755008e+18
3.707207207207206920e+02 1.277370340618403072e+18
3.717117117117117004e+02 1.285813461317502720e+18
3.727027027027027088e+02 1.294289981086509824e+18
3.736936936936936604e+02 1.302799943853023488e+18
3.746846846846846688e+02 1.311343393487024128e+18
3.756756756756756772e+02 1.319920373801076992e+18
3.766666666666666856e+02 1.328530928550587904e+18
3.776576576576576372e+02 1.337175101433993728e+18
3.786486486486486456e+02 1.345852936093002752e+18
3.796396396396396540e+02 1.354564476112818432e+18
3.806306306306306055e+02 1.363309765022350848e+18
3.816216216216216139e+02 1.372088846294427648e+18
3.826126126126126223e+02 1.380901763346027008e+18
3.836036036036035739e+02 1.389748559538470400e+18
3.845945945945945823e+02 1.398629278177664768e+18
3.855855855855855907e+02 1.407543962514291968e+18
3.865765765765765423e+02 1.416492655744017408e+18
3.875675675675675507e+02 1.425475401007724288e+18
3.885585585585585591e+02 1.434492241391692288e+18
3.895495495495495675e+02 1.443543219927829248e+18
3.905405405405405190e+02 1.452628379593850368e+18
3.915315315315315274e+02 1.461747763313509120e+18
3.925225225225225358e+02 1.470901413956784896e+18
3.935135135135134874e+02 1.480089374340079360e+18
3.945045045045044958e+02 1.489311687226438912e+18
3.954954954954955042e+02 1.498568395325725696e+18
3.964864864864864558e+02 1.507859541294843392e+18
3.974774774774774642e+02 1.517185167737912576e+18
3.984684684684684726e+02 1.526545317206464256e+18
3.994594594594594241e+02 1.535940032199665664e+18
4.004504504504504325e+02 1.545369355164465408e+18
4.014414414414414409e+02 1.554833328495833856e+18
4.024324324324324493e+02 1.564331994536920320e+18
4.034234234234234009e+02 1.573865395579252480e+18
4.044144144144144093e+02 1.583433573862920960e+18
4.054054054054054177e+02 1.593036571576782080e+18
4.063963963963963693e+02 1.602674430858627072e+18
4.073873873873873777e+02 1.612347193795362560e+18
4.083783783783783861e+02 1.622054902423229696e+18
4.093693693693693376e+02 1.631797598727939328e+18
4.103603603603603460e+02 1.641575324644883456e+18
4.113513513513513544e+02 1.651388122059309056e+18
4.123423423423423628e+02 1.661236032806494464e+18
4.133333333333333144e+02 1.671119098671930880e+18
4.143243243243243228e+02 1.681037361391505664e+18
4.153153153153153312e+02 1.690990862651656960e+18
4.163063063063062827e+02 1.700979644089577984e+18
4.172972972972972912e+02 1.711003747293378304e+18
4.182882882882882996e+02 1.721063213802241280e+18
4.192792792792792511e+02 1.731158085106618112e+18
4.202702702702702595e+02 1.741288402648399872e+18
4.212612612612612679e+02 1.751454207821070336e+18
4.222522522522522195e+02 1.761655541969880832e+18
4.232432432432432279e+02 1.771892446392041984e+18
4.242342342342342363e+02 1.782164962336847360e+18
4.252252252252252447e+02 1.792473131005873920e+18
4.262162162162161962e+02 1.802816993553135616e+18
4.272072072072072046e+02 1.813196591085255680e+18
4.281981981981982130e+02 1.823611964661611008e+18
4.291891891891891646e+02 1.834063155294509824e+18
4.301801801801801730e+02 1.844550203949355264e+18
4.311711711711711814e+02 1.855073151544802560e+18
4.321621621621621330e+02 1.865632038952914944e+18
4.331531531531531414e+02 1.876226906999311872e+18
4.341441441441441498e+02 1.886857796463356672e+18
4.351351351351351013e+02 1.897524748078296832e+18
4.361261261261261097e+02 1.908227802531395072e+18
4.371171171171171181e+02 1.918967000464152832e+18
4.381081081081081265e+02 1.929742382472369664e+18
4.390990990990990781e+02 1.940553989106390784e+18
4.400900900900900865e+02 1.951401860871193600e+18
4.410810810810810949e+02 1.962286038226573312e+18
4.420720720720720465e+02 1.973206561587284736e+18
4.430630630630630549e+02 1.984163471323175424e+18
4.440540540540540633e+02 1.995156807759356672e+18
4.450450450450450148e+02 2.006186611176372992e+18
4.460360360360360232e+02 2.017252921810274560e+18
4.470270270270270316e+02 2.028355779852864768e+18
4.480180180180179832e+02 2.039495225451745280e+18
4.490090090090089916e+02 2.050671298710534656e+18
4.500000000000000000e+02 2.061884039688994560e+18
4.509909909909910084e+02 2.073133488403151872e+18
4.519819819819819600e+02 2.084419684825456384e+18
4.529729729729729684e+02 2.095742668884922880e+18
4.539639639639639768e+02 2.107102480467290112e+18
4.549549549549549283e+02 2.118499159415113728e+18
4.559459459459459367e+02 2.129932745527965184e+18
4.569369369369369451e+02 2.141403278562525440e+18
4.579279279279278967e+02 2.152910798232728832e+18
4.589189189189189051e+02 2.164455344209931776e+18
4.599099099099099135e+02 2.176036956123028224e+18
4.609009009009008651e+02 2.187655673558562560e+18
4.618918918918918735e+02 2.199311536060909568e+18
4.628828828828828819e+02 2.211004583132377344e+18
4.638738738738738903e+02 2.222734854233366784e+18
4.648648648648648418e+02 2.234502388782480896e+18
4.658558558558558502e+02 2.246307226156659200e+18
4.668468468468468586e+02 2.258149405691315712e+18
4.678378378378378102e+02 2.270028966680497920e+18
4.688288288288288186e+02 2.281945948376947712e+18
4.698198198198198270e+02 2.293900389992312576e+18
4.708108108108107785e+02 2.305892330697200640e+18
4.718018018018017870e+02 2.317921809621380096e+18
4.727927927927927954e+02 2.329988865853849088e+18
4.737837837837837469e+02 2.342093538442990592e+18
4.747747747747747553e+02 2.354235866396676608e+18
4.757657657657657637e+02 2.366415888682440704e+18
4.767567567567567721e+02 2.378633644227548672e+18
4.777477477477477237e+02 2.390889171919145984e+18
4.787387387387387321e+02 2.403182510604412416e+18
4.797297297297297405e+02 2.415513699090607104e+18
4.807207207207206920e+02 2.427882776145270784e+18
4.817117117117117004e+02 2.440289780496327680e+18
4.827027027027027088e+02 2.452734750832158208e+18
4.836936936936936604e+02 2.465217725801781760e+18
4.846846846846846688e+02 2.477738744014952448e+18
4.856756756756756772e+02 2.490297844042250752e+18
4.866666666666666856e+02 2.502895064415269888e+18
4.876576576576576372e+02 2.515530443626657280e+18
4.886486486486486456e+02 2.528204020130298880e+18
4.896396396396396540e+02 2.540915832341377024e+18
4.906306306306306055e+02 2.553665918636528640e+18
4.916216216216216139e+02 2.566454317353958400e+18
4.926126126126126223e+02 2.579281066793528320e+18
4.936036036036035739e+02 2.592146205216880128e+18
4.945945945945945823e+02 2.605049770847586304e+18
4.955855855855855907e+02 2.617991801871206400e+18
4.965765765765765423e+02 2.630972336435450368e+18
4.975675675675675507e+02 2.643991412650251776e+18
4.985585585585585591e+02 2.657049068587906560e+18
4.995495495495495675e+02 2.670145342283155968e+18
5.005405405405405190e+02 2.683280271733334016e+18
5.015315315315315274e+02 2.696453894898470400e+18
5.025225225225225358e+02 2.709666249701377536e+18
5.035135135135134874e+02 2.722917374027753472e+18
5.045045045045044958e+02 2.736207305726325760e+18
5.054954954954955042e+02 2.749536082608944640e+18
5.064864864864864558e+02 2.762903742450672128e+18
5.074774774774774642e+02 2.776310322989942784e+18
5.084684684684684726e+02 2.789755861928610816e+18
5.094594594594594241e+02 2.803240396932040192e+18
5.104504504504504325e+02 2.816763965629328384e+18
5.114414414414414409e+02 2.830326605613254144e+18
5.124324324324325062e+02 2.843928354440512000e+18
5.134234234234234009e+02 2.857569249631724544e+18
5.144144144144144093e+02 2.871249328671612928e+18
5.154054054054054177e+02 2.884968629009079808e+18
5.163963963963963124e+02 2.898727188057258496e+18
5.173873873873874345e+02 2.912525043193716224e+18
5.183783783783783292e+02 2.926362231760459776e+18
5.193693693693693376e+02 2.940238791064075776e+18
5.203603603603603460e+02 2.954154758375862784e+18
5.213513513513513544e+02 2.968110170931896320e+18
5.223423423423423628e+02 2.982105065933086720e+18
5.233333333333333712e+02 2.996139480545382912e+18
5.243243243243242659e+02 3.010213451899779584e+18
5.253153153153152743e+02 3.024327017092454912e+18
5.263063063063062827e+02 3.038480213184873984e+18
5.272972972972972912e+02 3.052673077203861504e+18
5.282882882882882996e+02 3.066905646141715968e+18
5.292792792792793080e+02 3.081177956956293120e+18
5.302702702702703164e+02 3.095490046571116544e+18
5.312612612612612111e+02 3.109841951875479552e+18
5.322522522522522195e+02 3.124233709724508672e+18
5.332432432432432279e+02 3.138665356939300864e+18
5.342342342342342363e+02 3.153136930306947072e+18
5.352252252252252447e+02 3.167648466580741120e+18
5.362162162162162531e+02 3.182200002480145408e+18
5.372072072072071478e+02 3.196791574690971136e+18
5.381981981981981562e+02 3.211423219865438208e+18
5.391891891891891646e+02 3.226094974622284288e+18
5.401801801801801730e+02 3.240806875546824192e+18
5.411711711711711814e+02 3.255558959191063552e+18
5.421621621621621898e+02 3.270351262073812992e+18
5.431531531531531982e+02 3.285183820680729088e+18
5.441441441441440929e+02 3.300056671464434688e+18
5.451351351351351013e+02 3.314969850844581376e+18
5.461261261261261097e+02 3.329923395208012800e+18
5.471171171171171181e+02 3.344917340908754432e+18
5.481081081081081265e+02 3.359951724268165120e+18
5.490990990990991349e+02 3.375026581574990848e+18
5.500900900900900297e+02 3.390141949085478400e+18
5.510810810810810381e+02 3.405297863023481856e+18
5.520720720720720465e+02 3.420494359580482560e+18
5.530630630630630549e+02 3.435731474915714048e+18
5.540540540540540633e+02 3.451009245156294656e+18
5.550450450450450717e+02 3.466327706397194240e+18
5.560360360360360801e+02 3.481686894701448704e+18
5.570270270270269748e+02 3.497086846100175872e+18
5.580180180180179832e+02 3.512527596592675328e+18
5.590090090090089916e+02 3.528009182146475008e+18
5.600000000000000000e+02 3.543531638697481216e+18
5.609909909909910084e+02 3.559095002150026752e+18
5.619819819819820168e+02 3.574699308376949248e+18
5.629729729729729115e+02 3.590344593219707392e+18
5.639639639639639199e+02 3.606030892488398848e+18
5.649549549549549283e+02 3.621758241961885184e+18
5.659459459459459367e+02 3.637526677387927552e+18
5.669369369369369451e+02 3.653336234483130368e+18
5.679279279279279535e+02 3.669186948933148160e+18
5.689189189189189619e+02 3.685078856392707072e+18
5.699099099099098567e+02 3.701011992485712384e+18
5.709009009009008651e+02 3.716986392805276672e+18
5.718918918918918735e+02 3.733002092913885184e+18
5.728828828828828819e+02 3.749059128343409664e+18
5.738738738738738903e+02 3.765157534595176448e+18
5.748648648648648987e+02 3.781297347140098560e+18
5.758558558558557934e+02 3.797478601418705408e+18
5.768468468468468018e+02 3.813701332841304576e+18
5.778378378378378102e+02 3.829965576787919360e+18
5.788288288288288186e+02 3.846271368608472576e+18
5.798198198198198270e+02 3.862618743622862336e+18
5.808108108108108354e+02 3.879007737120968192e+18
5.818018018018018438e+02 3.895438384362785792e+18
5.827927927927927385e+02 3.911910720578515968e+18
5.837837837837837469e+02 3.928424780968590848e+18
5.847747747747747553e+02 3.944980600703756288e+18
5.857657657657657637e+02 3.961578214925148672e+18
5.867567567567567721e+02 3.978217658744443392e+18
5.877477477477477805e+02 3.994898967243806720e+18
5.887387387387386752e+02 4.011622175476036096e+18
5.897297297297296836e+02 4.028387318464669696e+18
5.907207207207206920e+02 4.045194431203984384e+18
5.917117117117117004e+02 4.062043548659098624e+18
5.927027027027027088e+02 4.078934705766064640e+18
5.936936936936937173e+02 4.095867937431918592e+18
5.946846846846847257e+02 4.112843278534759936e+18
5.956756756756756204e+02 4.129860763923845120e+18
5.966666666666666288e+02 4.146920428419557376e+18
5.976576576576576372e+02 4.164022306813684736e+18
5.986486486486486456e+02 4.181166433869227008e+18
5.996396396396396540e+02 4.198352844320706560e+18
6.006306306306306624e+02 4.215581572874067968e+18
6.016216216216215571e+02 4.232852654206882304e+18
6.026126126126125655e+02 4.250166122968291328e+18
6.036036036036035739e+02 4.267522013779137536e+18
6.045945945945945823e+02 4.284920361232100352e+18
6.055855855855855907e+02 4.302361199891588096e+18
6.065765765765765991e+02 4.319844564293977600e+18
6.075675675675676075e+02 4.337370488947659776e+18
6.085585585585585022e+02 4.354939008332977152e+18
6.095495495495495106e+02 4.372550156902427136e+18
6.105405405405405190e+02 4.390203969080721920e+18
6.115315315315315274e+02 4.407900479264754176e+18
6.125225225225225358e+02 4.425639721823733760e+18
6.135135135135135442e+02 4.443421731099289088e+18
6.145045045045044390e+02 4.461246541405483520e+18
6.154954954954954474e+02 4.479114187028889600e+18
6.164864864864864558e+02 4.497024702228621824e+18
6.174774774774774642e+02 4.514978121236457984e+18
6.184684684684684726e+02 4.532974478256943104e+18
6.194594594594594810e+02 4.551013807467290112e+18
6.204504504504504894e+02 4.569096143017640960e+18
6.214414414414413841e+02 4.587221519030981632e+18
6.224324324324323925e+02 4.605389969603316736e+18
6.234234234234234009e+02 4.623601528803634176e+18
6.244144144144144093e+02 4.641856230674013184e+18
6.254054054054054177e+02 4.660154109229743104e+18
6.263963963963964261e+02 4.678495198459341824e+18
6.273873873873873208e+02 4.696879532324501504e+18
6.283783783783783292e+02 4.715307144760412160e+18
6.293693693693693376e+02 4.733778069675581440e+18
6.303603603603603460e+02 4.752292340952002560e+18
6.313513513513513544e+02 4.770849992445201408e+18
6.323423423423423628e+02 4.789451057984367616e+18
6.333333333333333712e+02 4.808095571372260352e+18
6.343243243243242659e+02 4.826783566385395712e+18
6.353153153153152743e+02 4.845515076774103040e+18
6.363063063063062827e+02 4.864290136262493184e+18
6.372972972972972912e+02 4.883108778548624384e+18
6.382882882882882996e+02 4.901971037304502272e+18
6.392792792792793080e+02 4.920876946176207872e+18
6.402702702702702027e+02 4.939826538783794176e+18
6.412612612612612111e+02 4.958819848721537024e+18
6.422522522522522195e+02 4.977856909557932032e+18
6.432432432432432279e+02 4.996937754835725312e+18
6.442342342342342363e+02 5.016062418071909376e+18
6.452252252252252447e+02 5.035230932757996544e+18
6.462162162162162531e+02 5.054443332359764992e+18
6.472072072072071478e+02 5.073699650317673472e+18
6.481981981981981562e+02 5.092999920046617600e+18
6.491891891891891646e+02 5.112344174936142848e+18
6.501801801801801730e+02 5.131732448350471168e+18
6.511711711711711814e+02 5.151164773628520448e+18
6.521621621621621898e+02 5.170641184084083712e+18
6.531531531531530845e+02 5.190161713005657088e+18
6.541441441441440929e+02 5.209726393656777728e+18
6.551351351351351013e+02 5.229335259275880448e+18
6.561261261261261097e+02 5.248988343076364288e+18
6.571171171171171181e+02 5.268685678246820864e+18
6.581081081081081265e+02 5.288427297950840832e+18
6.590990990990991349e+02 5.308213235327294464e+18
6.600900900900900297e+02 5.328043523490226176e+18
6.610810810810810381e+02 5.347918195528996864e+18
6.620720720720720465e+02 5.367837284508298240e+18
6.630630630630630549e+02 5.387800823468307456e+18
6.640540540540540633e+02 5.407808845424547840e+18
6.650450450450450717e+02 5.427861383368100864e+18
6.660360360360360801e+02 5.447958470265648128e+18
6.670270270270269748e+02 5.468100139059415040e+18
6.680180180180179832e+02 5.488286422667413504e+18
6.690090090090089916e+02 5.508517353983298560e+18
6.700000000000000000e+02 5.528792965876559872e+18
6.709909909909910084e+02 5.549113291192441856e+18
6.719819819819820168e+02 5.569478362752155648e+18
6.729729729729729115e+02 5.589888213352844288e+18
6.739639639639639199e+02 5.610342875767666688e+18
6.749549549549549283e+02 5.630842382745740288e+18
6.759459459459459367e+02 5.651386767012374528e+18
6.769369369369369451e+02 5.671976061268981760e+18
6.779279279279279535e+02 5.692610298193198080e+18
6.789189189189189619e+02 5.713289510438973440e+18
6.799099099099098567e+02 5.734013730636423168e+18
6.809009009009008651e+02 5.754782991392173056e+18
6.818918918918918735e+02 5.775597325289134080e+18
6.828828828828828819e+02 5.796456764886786048e+18
6.838738738738738903e+02 5.817361342721103872e+18
6.848648648648648987e+02 5.838311091304517632e+18
6.858558558558557934e+02 5.859306043126223872e+18
6.868468468468468018e+02 5.880346230651992064e+18
6.878378378378378102e+02 5.901431686324345856e+18
6.888288288288288186e+02 5.922562442562540544e+18
6.898198198198198270e+02 5.943738531762614272e+18
6.908108108108108354e+02 5.964959986297647104e+18
6.918018018018018438e+02 5.986226838517350400e+18
6.927927927927927385e+02 6.007539120748687360e+18
6.937837837837837469e+02 6.028896865295441920e+18
6.947747747747747553e+02 6.050300104438551552e+18
6.957657657657657637e+02 6.071748870435970048e+18
6.967567567567567721e+02 6.093243195522920448e+18
6.977477477477477805e+02 6.114783111911808000e+18
6.987387387387386752e+02 6.136368651792230400e+18
6.997297297297296836e+02 6.157999847331132416e+18
7.007207207207206920e+02 6.179676730672799744e+18
7.017117117117117004e+02 6.201399333938994176e+18
7.027027027027027088e+02 6.223167689228805120e+18
7.036936936936937173e+02 6.244981828618846208e+18
7.046846846846847257e+02 6.266841784163348480e+18
7.056756756756756204e+02 6.288747587894075392e+18
7.066666666666666288e+02 6.310699271820399616e+18
7.076576576576576372e+02 6.332696867929436160e+18
7.086486486486486456e+02 6.354740408186037248e+18
7.096396396396396540e+02 6.376829924532717568e+18
7.106306306306306624e+02 6.398965448889914368e+18
7.116216216216215571e+02 6.421147013155915776e+18
7.126126126126125655e+02 6.443374649206992896e+18
7.136036036036035739e+02 6.465648388897198080e+18
7.145945945945945823e+02 6.487968264058769408e+18
7.155855855855855907e+02 6.510334306501877760e+18
7.165765765765765991e+02 6.532746548014821376e+18
7.175675675675676075e+02 6.555205020364130304e+18
7.185585585585585022e+02 6.577709755294379008e+18
7.195495495495495106e+02 6.600260784528518144e+18
7.205405405405405190e+02 6.622858139767590912e+18
7.215315315315315274e+02 6.645501852691122176e+18
7.225225225225225358e+02 6.668191954956963840e+18
7.235135135135135442e+02 6.690928478201348096e+18
7.245045045045044390e+02 6.713711454038984704e+18
7.254954954954954474e+02 6.736540914063046656e+18
7.264864864864864558e+02 6.759416889845301248e+18
7.274774774774774642e+02 6.782339412936029184e+18
7.284684684684684726e+02 6.805308514864257024e+18
7.294594594594594810e+02 6.828324227137541120e+18
7.304504504504504894e+02 6.851386581242261504e+18
7.314414414414413841e+02 6.874495608643493888e+18
7.324324324324323925e+02 6.897651340785157120e+18
7.334234234234234009e+02 6.920853809089998848e+18
7.344144144144144093e+02 6.944103044959612928e+18
7.354054054054054177e+02 6.967399079774647296e+18
7.363963963963964261e+02 6.990741944894559232e+18
7.373873873873873208e+02 7.014131671657891840e+18
7.383783783783783292e+02 7.037568291382268928e+18
7.393693693693693376e+02 7.061051835364459520e+18
7.403603603603603460e+02 7.084582334880183296e+18
7.413513513513513544e+02 7.108159821184555008e+18
7.423423423423423628e+02 7.131784325511742464e+18
7.433333333333333712e+02 7.155455879075350528e+18
7.443243243243242659e+02 7.179174513068107776e+18
7.453153153153152743e+02 7.202940258662272000e+18
7.463063063063062827e+02 7.226753147009276928e+18
7.472972972972972912e+02 7.250613209240153088e+18
7.482882882882882996e+02 7.274520476465370112e+18
7.492792792792793080e+02 7.298474979774887936e+18
7.502702702702702027e+02 7.322476750238163968e+18
7.512612612612612111e+02 7.346525818904371200e+18
7.522522522522522195e+02 7.370622216802105344e+18
7.532432432432432279e+02 7.394765974939905024e+18
7.542342342342342363e+02 7.418957124305835008e+18
7.552252252252252447e+02 7.443195695867779072e+18
7.562162162162162531e+02 7.467481720573303808e+18
7.572072072072071478e+02 7.491815229349931008e+18
7.581981981981981562e+02 7.516196253105027072e+18
7.591891891891891646e+02 7.540624822725873664e+18
7.601801801801801730e+02 7.565100969079621632e+18
7.611711711711711814e+02 7.589624723013466112e+18
7.621621621621621898e+02 7.614196115354641408e+18
7.631531531531530845e+02 7.638815176910451712e+18
7.641441441441440929e+02 7.663481938468217856e+18
7.651351351351351013e+02 7.688196430795480064e+18
7.661261261261261097e+02 7.712958684639969280e+18
7.671171171171171181e+02 7.737768730729652224e+18
7.681081081081081265e+02 7.762626599772574720e+18
7.690990990990991349e+02 7.787532322457326592e+18
7.700900900900900297e+02 7.812485929452576768e+18
7.710810810810810381e+02 7.837487451407639552e+18
7.720720720720720465e+02 7.862536918952066048e+18
7.730630630630630549e+02 7.887634362695819264e+18
7.740540540540540633e+02 7.912779813229400064e+18
7.750450450450450717e+02 7.937973301123862528e+18
7.760360360360359664e+02 7.963214856930836480e+18
7.770270270270269748e+02 7.988504511182406656e+18
7.780180180180179832e+02 8.013842294391482368e+18
7.790090090090089916e+02 8.039228237051431936e+18
7.800000000000000000e+02 8.064662369636497408e+18
7.809909909909910084e+02 8.090144722601539584e+18
7.819819819819820168e+02 8.115675326382364672e+18
7.829729729729729115e+02 8.141254211395304448e+18
7.839639639639639199e+02 8.166881408037852160e+18
7.849549549549549283e+02 8.192556946688278528e+18
7.859459459459459367e+02 8.218280857705628672e+18
7.869369369369369451e+02 8.244053171430059008e+18
7.879279279279279535e+02 8.269873918182760448e+18
7.889189189189188482e+02 8.295743128265812992e+18
7.899099099099098567e+02 8.321660831962439680e+18
7.909009009009008651e+02 8.347627059536987136e+18
7.918918918918918735e+02 8.373641841234834432e+18
7.928828828828828819e+02 8.399705207282661376e+18
7.938738738738738903e+02 8.425817187888301056e+18
7.948648648648648987e+02 8.451977813240687616e+18
7.958558558558557934e+02 8.478187113510307840e+18
7.968468468468468018e+02 8.504445118848782336e+18
7.978378378378378102e+02 8.530751859389093888e+18
7.988288288288288186e+02 8.557107365245540352e+18
7.998198198198198270e+02 8.583511666514023424e+18
8.008108108108108354e+02 8.609964793271764992e+18
8.018018018018017301e+02 8.636466775577414656e+18
8.027927927927927385e+02 8.663017643471326208e+18
8.037837837837837469e+02 8.689617426975186944e+18
8.047747747747747553e+02 8.716266156092422144e+18
8.057657657657657637e+02 8.742963860808023040e+18
8.067567567567567721e+02 8.769710571088607232e+18
8.077477477477477805e+02 8.796506316882531328e+18
8.087387387387386752e+02 8.823351128119820288e+18
8.097297297297296836e+02 8.850245034712355840e+18
8.107207207207206920e+02 8.877188066553688064e+18
8.117117117117117004e+02 8.904180253519255552e+18
8.127027027027027088e+02 8.931221625466248192e+18
8.136936936936937173e+02 8.958312212233928704e+18
8.146846846846847257e+02 8.985452043643282432e+18
8.156756756756756204e+02 9.012641149497320448e+18
8.166666666666666288e+02 9.039879559581192192e+18
8.176576576576576372e+02 9.067167303661768704e+18
8.186486486486486456e+02 9.094504411488199680e+18
8.196396396396396540e+02 9.121890912791607296e+18
8.206306306306306624e+02 9.149326837285293056e+18
8.216216216216215571e+02 9.176812214664718336e+18
8.226126126126125655e+02 9.204347074607337472e+18
8.236036036036035739e+02 9.231931446773100544e+18
8.245945945945945823e+02 9.259565360804040704e+18
8.255855855855855907e+02 9.287248846324465664e+18
8.265765765765765991e+02 9.314981932940951552e+18
8.275675675675676075e+02 9.342764650242508800e+18
8.285585585585585022e+02 9.370597027800547328e+18
8.295495495495495106e+02 9.398479095168749568e+18
8.305405405405405190e+02 9.426410881883219968e+18
8.315315315315315274e+02 9.454392417462730752e+18
8.325225225225225358e+02 9.482423731408359424e+18
8.335135135135135442e+02 9.510504853203769344e+18
8.345045045045044390e+02 9.538635812315097088e+18
8.354954954954954474e+02 9.566816638191316992e+18
8.364864864864864558e+02 9.595047360263749632e+18
8.374774774774774642e+02 9.623328007946389504e+18
8.384684684684684726e+02 9.651658610636224512e+18
8.394594594594594810e+02 9.680039197712476160e+18
8.404504504504504894e+02 9.708469798537492480e+18
8.414414414414413841e+02 9.736950442456180736e+18
8.424324324324323925e+02 9.765481158796400640e+18
8.434234234234234009e+02 9.794061976868679680e+18
8.444144144144144093e+02 9.822692925966577664e+18
8.454054054054054177e+02 9.851374035366426624e+18
8.463963963963964261e+02 9.880105334327478272e+18
8.473873873873873208e+02 9.908886852092018688e+18
8.483783783783783292e+02 9.937718617885302784e+18
8.493693693693693376e+02 9.966600660915445760e+18
8.503603603603603460e+02 9.995533010373902336e+18
8.513513513513513544e+02 1.002451569543487488e+19
8.523423423423423628e+02 1.005354874525585613e+19
8.533333333333333712e+02 1.008263218897745510e+19
8.543243243243242659e+02 1.011176605572340326e+19
8.553153153153152743e+02 1.014095037460050534e+19
8.563063063063062827e+02 1.017018517469908787e+19
8.572972972972972912e+02 1.019947048509248307e+19
8.582882882882882996e+02 1.022880633483732173e+19
8.592792792792793080e+02 1.025819275297350246e+19
8.602702702702702027e+02 1.028762976852443546e+19
8.612612612612612111e+02 1.031711741049674957e+19
8.622522522522522195e+02 1.034665570788050534e+19
8.632432432432432279e+02 1.037624468964911718e+19
8.642342342342342363e+02 1.040588438475956838e+19
8.652252252252252447e+02 1.043557482215223910e+19
8.662162162162162531e+02 1.046531603075092070e+19
8.672072072072071478e+02 1.049510803946314138e+19
8.681981981981981562e+02 1.052495087717991424e+19
8.691891891891891646e+02 1.055484457277570662e+19
8.701801801801801730e+02 1.058478915510874726e+19
8.711711711711711814e+02 1.061478465302086861e+19
8.721621621621621898e+02 1.064483109533768909e+19
8.731531531531530845e+02 1.067492851086815846e+19
8.741441441441440929e+02 1.070507692840541594e+19
8.751351351351351013e+02 1.073527637672607539e+19
8.761261261261261097e+02 1.076552688459057562e+19
8.771171171171171181e+02 1.079582848074320896e+19
8.781081081081081265e+02 1.082618119391206195e+19
8.790990990990991349e+02 1.085658505280918733e+19
8.800900900900900297e+02 1.088704008613033370e+19
8.810810810810810381e+02 1.091754632255539200e+19
8.820720720720720465e+02 1.094810379074791629e+19
8.830630630630630549e+02 1.097871251935582208e+19
8.840540540540540633e+02 1.100937253701065523e+19
8.850450450450450717e+02 1.104008387232810394e+19
8.860360360360359664e+02 1.107084655390807654e+19
8.870270270270269748e+02 1.110166061033439027e+19
8.880180180180179832e+02 1.113252607017486746e+19
8.890090090090089916e+02 1.116344296198170419e+19
8.900000000000000000e+02 1.119441131429116928e+19
8.909909909909910084e+02 1.122543115562366566e+19
8.919819819819820168e+02 1.125650251448385536e+19
8.929729729729729115e+02 1.128762541936056115e+19
8.939639639639639199e+02 1.131879989872690790e+19
8.949549549549549283e+02 1.135002598104039014e+19
8.959459459459459367e+02 1.138130369474269594e+19
8.969369369369369451e+02 1.141263306825990349e+19
8.979279279279279535e+02 1.144401413000259174e+19
8.989189189189188482e+02 1.147544690836540621e+19
8.999099099099098567e+02 1.150693143172781466e+19
9.009009009009008651e+02 1.153846772845339853e+19
9.018918918918918735e+02 1.157005582689033216e+19
9.028828828828828819e+02 1.160169575537123533e+19
9.038738738738738903e+02 1.163338754221354394e+19
9.048648648648648987e+02 1.166513121571867034e+19
9.058558558558557934e+02 1.169692680417317683e+19
9.068468468468468018e+02 1.172877433584777830e+19
9.078378378378378102e+02 1.176067383899817779e+19
9.088288288288288186e+02 1.179262534186442138e+19
9.098198198198198270e+02 1.182462887267139789e+19
9.108108108108108354e+02 1.185668445962858496e+19
9.118018018018017301e+02 1.188879213093032755e+19
9.127927927927927385e+02 1.192095191475564339e+19
9.137837837837837469e+02 1.195316383926817997e+19
9.147747747747747553e+02 1.198542793261658112e+19
9.157657657657657637e+02 1.201774422293429862e+19
9.167567567567567721e+02 1.205011273833960243e+19
9.177477477477477805e+02 1.208253350693533901e+19
9.187387387387386752e+02 1.211500655680985293e+19
9.197297297297296836e+02 1.214753191603577037e+19
9.207207207207206920e+02 1.218010961267105382e+19
9.217117117117117004e+02 1.221273967475857613e+19
9.227027027027027088e+02 1.224542213032612250e+19
9.236936936936937173e+02 1.227815700738651341e+19
9.246846846846846120e+02 1.231094433393766400e+19
9.256756756756756204e+02 1.234378413796249600e+19
9.266666666666666288e+02 1.237667644742888653e+19
9.276576576576576372e+02 1.240962129029007155e+19
9.286486486486486456e+02 1.244261869448430387e+19
9.296396396396396540e+02 1.247566868793506611e+19
9.306306306306306624e+02 1.250877129855088230e+19
9.316216216216215571e+02 1.254192655422543258e+19
9.326126126126125655e+02 1.257513448283796890e+19
9.336036036036035739e+02 1.260839511225276006e+19
9.345945945945945823e+02 1.264170847031918592e+19
9.355855855855855907e+02 1.267507458487222067e+19
9.365765765765765991e+02 1.270849348373206835e+19
9.375675675675674938e+02 1.274196519470421197e+19
9.385585585585585022e+02 1.277548974557952410e+19
9.395495495495495106e+02 1.280906716413428326e+19
9.405405405405405190e+02 1.284269747813023130e+19
9.415315315315315274e+02 1.287638071531442381e+19
9.425225225225225358e+02 1.291011690341954560e+19
9.435135135135135442e+02 1.294390607016363213e+19
9.445045045045044390e+02 1.297774824325021901e+19
9.454954954954954474e+02 1.301164345036854682e+19
9.464864864864864558e+02 1.304559171919311258e+19
9.474774774774774642e+02 1.307959307738414899e+19
9.484684684684684726e+02 1.311364755258771456e+19
9.494594594594594810e+02 1.314775517243494400e+19
9.504504504504503757e+02 1.318191596454314598e+19
9.514414414414413841e+02 1.321612995651508224e+19
9.524324324324323925e+02 1.325039717593897984e+19
9.534234234234234009e+02 1.328471765038919885e+19
9.544144144144144093e+02 1.331909140742551552e+19
9.554054054054054177e+02 1.335351847459367936e+19
9.563963963963964261e+02 1.338799887942484992e+19
9.573873873873873208e+02 1.342253264943644262e+19
9.583783783783783292e+02 1.345711981213132800e+19
9.593693693693693376e+02 1.349176039499843174e+19
9.603603603603603460e+02 1.352645442551249101e+19
9.613513513513513544e+02 1.356120193113414451e+19
9.623423423423423628e+02 1.359600293930970522e+19
9.633333333333333712e+02 1.363085747747181363e+19
9.643243243243242659e+02 1.366576557303884390e+19
9.653153153153152743e+02 1.370072725341502669e+19
9.663063063063062827e+02 1.373574254599068467e+19
9.672972972972972912e+02 1.377081147814228378e+19
9.682882882882882996e+02 1.380593407723232256e+19
9.692792792792793080e+02 1.384111037060895744e+19
9.702702702702702027e+02 1.387634038560699392e+19
9.712612612612612111e+02 1.391162414954681139e+19
9.722522522522522195e+02 1.394696168973541786e+19
9.732432432432432279e+02 1.398235303346544640e+19
9.742342342342342363e+02 1.401779820801607680e+19
9.752252252252252447e+02 1.405329724065256243e+19
9.762162162162162531e+02 1.408885015862627942e+19
9.772072072072071478e+02 1.412445698917493965e+19
9.781981981981981562e+02 1.416011775952229376e+19
9.791891891891891646e+02 1.419583249687866163e+19
9.801801801801801730e+02 1.423160122844057190e+19
9.811711711711711814e+02 1.426742398139068826e+19
9.821621621621621898e+02 1.430330078289806541e+19
9.831531531531530845e+02 1.433923166011824742e+19
9.841441441441440929e+02 1.437521664019292774e+19
9.851351351351351013e+02 1.441125575025038746e+19
9.861261261261261097e+02 1.444734901740521267e+19
9.871171171171171181e+02 1.448349646875854643e+19
9.881081081081081265e+02 1.451969813139785728e+19
9.890990990990991349e+02 1.455595403239691059e+19
9.900900900900900297e+02 1.459226419881645670e+19
9.910810810810810381e+02 1.462862865770346906e+19
9.920720720720720465e+02 1.466504743609109709e+19
9.930630630630630549e+02 1.470152056099977011e+19
9.940540540540540633e+02 1.473804805943604838e+19
9.950450450450450717e+02 1.477462995839304090e+19
9.960360360360359664e+02 1.481126628485065728e+19
9.970270270270269748e+02 1.484795706577535795e+19
9.980180180180179832e+02 1.488470232812036301e+19
9.990090090090089916e+02 1.492150209882524877e+19
1.000000000000000000e+03 1.495835640481672192e+19
